Mikołaj Ogarek - wyniki Zadanie 1


Index Saatyego:
-A:(0.13475389612171584+0j)
-B:(0.7428823466101179+0j)
-C:(0.006100230953348884+0j)


Index geometryczny:
-A: 0.2636634360198514
-B: 0.15833684999148087
-C: 0.003392453750231957


Index Koczkodaja:
-A: 0.7857142857142857
-B: 0.9857142857142858
-C: 0.30000000000000004

